9	547	23.373	-21.696
10	547	22.632	-19.436
11	547	21.995	-17.207
12	547	21.472	-15.000
13	547	21.144	-12.530
14	547	21.007	-9.859
15	547	21.157	-6.286
16	547	21.448	-2.825
17	547	21.891	0.587
18	547	22.623	4.224
19	547	23.454	7.782
20	547	24.346	11.442
21	547	25.225	15.096
22	547	26.105	18.754
9	548	28.588	11.389
10	548	26.191	8.724
11	548	23.976	6.025
12	548	21.920	3.294
13	548	19.995	0.356
14	548	18.340	-2.444
15	548	16.918	-5.955
16	548	15.824	-9.583
17	548	14.984	-13.284
18	548	14.297	-16.913
19	548	13.654	-20.594
3	549	39.692	5.406
4	549	37.030	3.606
5	549	34.152	1.741
6	549	30.979	-0.651
7	549	28.134	-3.074
8	549	25.566	-6.044
9	549	22.960	-9.639
10	549	20.582	-13.270
11	549	18.253	-17.359
12	549	16.053	-21.470
34	550	17.727	-18.904
35	550	18.359	-15.761
36	550	18.990	-12.621
37	550	19.700	-9.176
38	550	20.409	-5.729
39	550	21.118	-2.290
40	550	21.836	1.407
37	552	19.619	11.917
38	552	18.843	8.085
39	552	18.044	3.964
40	552	17.246	-0.156
0	553	-29.048	2.577
1	553	-27.888	1.619
2	553	-26.694	0.943
3	553	-26.600	0.656
4	553	-26.477	0.643
5	553	-26.209	0.483
6	553	-25.728	-0.095
7	553	-25.052	-0.718
8	553	-24.194	-0.826
9	553	-23.259	-0.655
10	553	-22.122	-0.518
11	553	-20.839	-0.309
12	553	-19.412	-0.073
13	553	-19.111	0.049
14	553	-18.698	0.015
15	553	-18.106	-0.049
16	553	-17.173	0.070
17	553	-16.029	0.301
18	553	-14.313	0.755
19	553	-12.514	1.312
20	553	-10.076	1.908
21	553	-7.623	2.367
22	553	-5.145	2.685
23	553	-3.442	2.841
24	553	-1.740	2.997
25	553	-0.390	3.082
26	553	0.541	3.174
27	553	1.012	3.226
28	553	1.481	3.278
29	553	1.528	3.293
30	553	1.575	3.308
31	553	1.623	3.323
32	553	1.669	3.339
33	553	1.670	3.350
34	553	1.673	3.360
35	553	1.675	3.371
36	553	1.678	3.382
37	553	1.679	3.392
38	553	1.681	3.402
39	553	1.684	3.413
40	553	1.687	3.424
23	555	20.871	16.377
24	555	19.996	12.622
25	555	19.148	8.984
26	555	18.292	5.043
27	555	17.608	1.363
28	555	16.923	-2.317
29	555	16.239	-5.997
30	555	15.556	-9.736
31	555	14.870	-13.483
32	555	14.081	-17.365
33	555	13.295	-21.247
34	555	12.506	-25.127
35	555	11.509	-29.485
33	556	13.602	-34.462
34	556	14.293	-31.586
35	556	14.983	-28.709
36	556	15.673	-25.836
37	556	16.365	-22.959
38	556	17.055	-20.081
39	556	17.745	-17.209
40	556	18.437	-14.350
18	558	9.261	-24.715
19	558	9.382	-24.060
20	558	9.548	-23.396
21	558	9.685	-22.728
22	558	9.800	-22.057
23	558	9.880	-21.433
24	558	9.957	-20.809
25	558	10.037	-20.184
26	558	10.109	-19.560
27	558	10.181	-18.936
28	558	10.252	-18.313
29	558	10.323	-17.689
30	558	10.359	-17.080
31	558	10.391	-16.473
32	558	10.421	-15.866
33	558	10.473	-15.211
34	558	10.539	-14.560
35	558	10.605	-13.908
36	558	10.659	-13.247
37	558	10.713	-12.586
38	558	10.765	-11.924
39	558	10.817	-11.366
40	558	10.868	-10.808
16	560	14.489	-30.808
17	560	15.014	-28.073
18	560	15.566	-25.405
19	560	16.115	-22.793
20	560	16.726	-20.166
21	560	17.325	-17.542
22	560	18.054	-14.346
23	560	18.780	-11.153
24	560	19.621	-7.448
25	560	20.462	-3.740
26	560	21.301	-0.032
27	560	22.093	3.467
28	560	22.884	6.970
29	560	23.576	10.616
30	560	24.268	14.258
26	562	15.460	-27.279
27	562	16.251	-23.634
28	562	17.042	-19.987
29	562	17.832	-16.342
30	562	18.624	-12.699
31	562	19.498	-8.501
32	562	20.372	-4.305
33	562	21.249	-0.100
34	562	22.077	4.036
35	562	22.844	8.028
36	562	23.642	11.844
0	563	-11.691	-0.126
1	563	-11.422	-0.431
2	563	-11.147	-0.594
3	563	-10.868	-0.556
4	563	-10.746	-0.502
5	563	-10.478	-0.496
6	563	-10.266	-0.636
7	563	-9.884	-0.756
8	563	-9.510	-0.704
9	563	-9.068	-0.537
10	563	-8.899	-0.479
11	563	-8.577	-0.446
12	563	-8.116	-0.397
13	563	-7.893	-0.431
14	563	-7.550	-0.524
15	563	-7.156	-0.618
16	563	-6.505	-0.674
17	563	-6.074	-0.704
18	563	-5.466	-0.702
19	563	-5.144	-0.730
20	563	-4.778	-0.764
21	563	-4.773	-0.762
22	563	-4.769	-0.758
23	563	-4.766	-0.755
24	563	-4.762	-0.751
25	563	-4.759	-0.749
26	563	-4.755	-0.746
27	563	-4.752	-0.742
28	563	-4.748	-0.739
29	563	-4.745	-0.735
30	563	-4.745	-0.736
31	563	-4.745	-0.736
32	563	-4.745	-0.735
33	563	-4.745	-0.735
34	563	-4.745	-0.736
35	563	-4.745	-0.735
36	563	-4.745	-0.735
37	563	-4.745	-0.736
38	563	-4.745	-0.736
39	563	-4.745	-0.736
40	563	-4.745	-0.736
14	564	16.306	-32.537
15	564	16.534	-30.339
16	564	16.826	-28.233
17	564	17.214	-26.165
18	564	17.797	-23.746
19	564	18.383	-21.389
20	564	19.029	-19.017
21	564	19.663	-16.649
22	564	20.267	-14.278
23	564	20.870	-11.909
24	564	21.471	-9.544
25	564	22.074	-7.174
26	564	22.595	-4.930
27	564	23.114	-2.688
28	564	23.633	-0.443
29	564	24.154	1.799
30	564	24.636	3.837
31	564	25.119	5.875
32	564	25.602	7.910
33	564	26.060	10.014
34	564	26.517	12.114
35	564	26.974	14.215
0	567	40.907	-23.426
1	567	39.512	-20.851
2	567	37.898	-18.532
3	567	36.028	-16.647
4	567	34.444	-15.373
5	567	33.025	-13.467
6	567	31.808	-10.768
7	567	30.812	-7.857
8	567	29.847	-5.495
9	567	29.349	-3.593
10	567	28.989	-1.905
11	567	28.960	-0.399
12	567	29.622	0.802
13	567	30.453	1.784
14	567	31.658	2.923
15	567	33.095	3.910
16	567	34.828	4.448
17	567	37.335	5.074
18	567	40.056	5.352
19	567	43.157	5.586
20	567	46.672	5.977
21	567	50.173	6.366
22	567	53.676	6.752
23	567	57.791	7.215
24	567	61.905	7.671
25	567	66.362	8.162
26	567	70.526	8.734
27	567	75.112	9.359
28	567	79.697	9.987
29	567	84.509	10.738
30	567	89.315	11.504
31	567	94.326	12.333
32	567	99.320	13.262
33	567	104.285	14.368
34	567	109.251	15.465
25	568	17.772	-16.901
26	568	18.532	-13.157
27	568	19.292	-9.418
28	568	20.052	-5.679
29	568	20.811	-1.936
30	568	21.589	1.729
31	568	22.368	5.393
32	568	23.149	9.056
33	568	23.930	12.727
34	568	24.708	16.398
17	569	9.932	-25.702
18	569	10.055	-25.024
19	569	10.182	-24.382
20	569	10.370	-23.733
21	569	10.547	-23.086
22	569	10.703	-22.444
23	569	10.830	-21.797
24	569	10.926	-21.147
25	569	10.998	-20.490
26	569	11.073	-19.838
27	569	11.146	-19.188
28	569	11.200	-18.539
29	569	11.252	-17.891
30	569	11.307	-17.242
31	569	11.359	-16.593
32	569	11.394	-15.982
33	569	11.433	-15.368
34	569	11.470	-14.755
35	569	11.492	-14.117
36	569	11.514	-13.480
37	569	11.537	-12.841
38	569	11.560	-12.203
12	571	18.024	-28.090
13	571	17.673	-25.773
14	571	17.636	-23.285
15	571	17.839	-20.383
16	571	18.132	-17.584
17	571	18.496	-14.848
18	571	18.948	-12.197
19	571	19.588	-8.944
20	571	20.280	-5.674
21	571	20.911	-2.434
22	571	21.611	1.148
23	571	22.310	4.727
24	571	23.151	8.314
25	571	23.990	11.904
26	571	24.916	15.619
27	571	25.843	19.331
29	573	17.928	8.639
30	573	17.336	4.578
31	573	16.745	0.510
32	573	16.181	-3.364
33	573	15.617	-7.238
34	573	15.048	-11.165
35	573	14.453	-15.257
36	573	13.860	-19.346
37	573	13.266	-23.438
38	573	12.674	-27.530
18	575	20.539	16.090
19	575	19.772	12.344
20	575	19.037	8.607
21	575	18.327	4.838
22	575	17.617	1.063
23	575	16.907	-2.708
24	575	16.227	-6.531
25	575	15.549	-10.351
26	575	14.870	-14.172
27	575	14.169	-17.915
28	575	13.468	-21.657
29	575	12.531	-25.652
30	575	11.498	-29.613
31	575	10.509	-33.596
