0	722	625.516	1962.967	1
1	722	619.375	1969.169	1
2	722	613.558	1974.990	1
3	722	607.014	1981.216	1
4	722	601.105	1986.857	1
5	722	594.890	1992.432	1
6	722	588.684	1998.000	1
7	722	582.470	2003.575	1
8	722	576.025	2008.917	1
9	722	569.849	2013.683	1
2	723	679.316	1919.171	1
3	723	677.233	1921.270	1
4	723	675.146	1923.374	1
5	723	673.060	1925.478	1
6	723	670.982	1927.572	1
7	723	668.902	1929.669	1
8	723	666.820	1931.768	1
9	723	665.108	1933.804	1
10	723	662.794	1936.094	1
11	723	660.420	1938.225	1
12	723	658.139	1940.524	1
13	723	655.533	1943.176	1
14	723	652.928	1945.828	1
15	723	650.205	1948.606	1
16	723	647.483	1951.385	1
17	723	644.407	1954.547	1
18	723	641.120	1957.939	1
19	723	638.778	1960.393	1
20	723	636.550	1962.823	1
21	723	634.079	1965.518	1
22	723	631.607	1968.213	1
15	724	639.459	1945.587	1
16	724	636.120	1950.480	1
17	724	630.613	1953.939	1
18	724	617.091	1961.700	1
27	725	766.794	1842.516	1
28	725	764.523	1843.380	1
29	725	761.998	1844.342	1
30	725	759.470	1845.305	1
31	725	756.945	1846.266	1
32	725	752.825	1849.519	1
33	725	748.351	1853.451	1
34	725	743.426	1857.780	1
35	725	738.946	1861.716	1
36	725	734.472	1865.649	1
37	725	730.443	1869.190	1
38	725	726.103	1873.178	1
34	726	793.948	1820.427	1
35	726	789.549	1825.189	1
36	726	784.852	1829.490	1
37	726	780.728	1833.111	1
38	726	776.454	1837.080	1
39	726	772.291	1840.865	1
40	726	768.275	1844.523	1
1	727	643.667	1956.676	1
2	727	640.726	1959.211	1
3	727	637.792	1961.740	1
4	727	634.851	1964.275	1
5	727	631.769	1966.942	1
6	727	628.656	1969.550	1
7	727	625.627	1972.256	1
8	727	622.500	1975.202	1
9	727	619.808	1977.739	1
10	727	616.308	1981.168	1
11	727	613.127	1984.284	1
12	727	609.946	1987.399	1
13	727	607.307	1990.008	1
14	727	604.746	1992.226	1
15	727	602.224	1994.680	1
16	727	600.165	1997.104	1
17	727	598.106	1999.529	1
18	727	597.358	2001.697	1
12	729	699.322	1901.655	1
13	729	696.930	1904.149	1
14	729	694.299	1906.416	1
15	729	691.667	1908.683	1
16	729	688.802	1910.910	1
17	729	686.039	1913.508	1
18	729	682.904	1916.115	1
19	729	679.414	1919.177	1
20	729	676.076	1922.149	1
21	729	672.421	1925.608	1
22	729	668.766	1929.066	1
23	729	665.110	1932.525	1
24	729	661.729	1936.019	1
25	729	658.345	1939.517	1
26	729	654.627	1943.359	1
27	729	651.286	1946.906	1
28	729	648.419	1950.151	1
29	729	644.946	1953.637	1
2	730	540.569	2059.928	1
3	730	549.490	2054.357	1
4	730	557.480	2047.856	1
5	730	559.823	2047.126	1
6	730	561.626	2046.732	1
7	730	565.396	2044.303	1
8	730	569.169	2041.870	1
9	730	571.376	2040.212	1
10	730	574.076	2038.183	1
11	730	576.529	2036.340	1
1	731	643.214	1946.140	1
2	731	637.075	1951.905	1
3	731	631.380	1956.903	1
4	731	625.690	1962.372	1
5	731	619.026	1968.803	1
6	731	612.597	1975.139	1
7	731	605.944	1981.253	1
8	731	599.589	1987.350	1
9	731	593.875	1992.831	1
10	731	586.882	1999.540	1
11	731	580.528	2005.636	1
12	731	573.740	2011.558	1
13	731	566.953	2017.479	1
14	731	560.166	2023.401	1
11	734	686.997	1908.163	1
12	734	681.873	1912.767	1
13	734	676.749	1917.370	1
14	734	671.625	1921.973	1
15	734	665.928	1926.823	1
16	734	659.729	1932.389	1
17	734	653.871	1937.840	1
18	734	648.474	1942.900	1
19	734	642.977	1947.870	1
20	734	637.817	1952.738	1
21	734	632.233	1958.472	1
22	734	626.319	1963.964	1
23	734	620.405	1969.456	1
24	734	614.258	1974.519	1
28	736	792.186	1822.238	1
29	736	788.013	1826.205	1
30	736	783.835	1830.177	1
31	736	779.662	1834.145	1
32	736	775.490	1838.112	1
33	736	770.586	1842.620	1
34	736	765.434	1847.131	1
35	736	760.610	1851.352	1
36	736	756.028	1855.363	1
37	736	751.902	1858.974	1
38	736	747.556	1862.779	1
39	736	743.398	1866.419	1
40	736	739.287	1870.018	1
24	737	778.991	1835.789	1
25	737	774.571	1839.895	1
26	737	769.679	1844.153	1
27	737	765.226	1848.029	1
28	737	761.164	1851.403	1
29	737	756.647	1855.155	1
30	737	752.169	1858.958	1
31	737	747.695	1862.758	1
32	737	743.222	1866.557	1
33	737	738.678	1870.270	1
34	737	734.138	1874.229	1
35	737	730.008	1877.830	1
36	737	726.056	1881.044	1
37	737	722.497	1883.939	1
38	737	718.505	1887.105	1
39	737	714.635	1890.421	1
40	737	710.725	1893.686	1
34	738	796.767	1813.341	1
35	738	791.927	1818.470	1
36	738	786.926	1823.024	1
37	738	782.424	1827.125	1
38	738	777.423	1831.679	1
39	738	772.360	1836.197	1
40	738	767.533	1840.678	1
32	739	744.128	1861.044	1
33	739	739.350	1864.963	1
34	739	734.194	1869.396	1
35	739	729.505	1873.428	1
36	739	724.820	1877.456	1
37	739	720.602	1881.083	1
38	739	715.731	1884.894	1
0	740	615.601	1981.356	1
1	740	612.436	1984.323	1
2	740	609.265	1987.296	1
3	740	605.842	1990.403	1
4	740	603.219	1992.886	1
5	740	600.822	1995.585	1
6	740	600.487	1998.282	1
7	740	597.357	2001.521	1
8	740	596.823	2004.018	1
9	740	596.883	2006.620	1
10	740	597.565	2009.815	1
11	740	598.366	2013.435	1
12	740	599.664	2017.129	1
10	741	669.177	1916.405	1
11	741	665.447	1920.258	1
12	741	661.716	1924.202	1
13	741	657.763	1928.008	1
14	741	653.809	1931.814	1
15	741	649.856	1935.620	1
16	741	645.902	1939.425	1
17	741	641.948	1943.232	1
18	741	637.995	1947.037	1
23	742	764.353	1847.376	1
24	742	760.151	1851.460	1
25	742	755.945	1855.549	1
26	742	751.172	1859.881	1
27	742	746.349	1864.119	1
28	742	741.761	1868.006	1
29	742	738.199	1870.467	1
30	742	734.491	1873.719	1
31	742	730.435	1877.275	1
32	742	726.379	1880.830	1
33	742	722.324	1884.385	1
34	742	718.004	1888.261	1
35	742	714.276	1891.611	1
36	742	710.390	1894.568	1
37	742	706.890	1897.231	1
38	742	703.004	1900.188	1
39	742	699.118	1903.145	1
40	742	695.319	1906.203	1
0	744	615.895	2038.673	1
1	744	619.290	2043.622	1
2	744	621.857	2048.674	1
3	745	656.701	1942.507	1
4	745	654.421	1945.081	1
5	745	651.755	1948.032	1
6	745	649.102	1950.969	1
7	745	646.136	1953.882	1
8	745	643.166	1956.799	1
9	745	640.523	1958.972	1
10	745	636.814	1962.210	1
11	745	633.659	1965.284	1
12	745	630.649	1968.216	1
13	745	627.639	1971.148	1
14	745	624.847	1973.774	1
15	745	622.055	1976.399	1
16	745	619.263	1979.024	1
17	745	616.471	1981.649	1
18	745	613.679	1984.274	1
19	745	610.884	1986.902	1
20	745	608.366	1989.269	1
21	745	605.574	1991.894	1
0	746	598.243	1999.183	1
1	746	597.524	2002.257	1
2	746	597.361	2005.129	1
3	746	597.687	2007.948	1
4	746	598.300	2011.064	1
5	746	599.640	2014.105	1
6	746	601.437	2017.390	1
7	746	603.812	2020.844	1
16	748	751.862	1854.286	1
17	748	747.459	1858.526	1
18	748	742.636	1862.433	1
19	748	737.754	1866.304	1
20	748	733.500	1869.902	1
21	748	729.028	1874.181	1
22	748	724.545	1878.366	1
23	748	719.956	1882.468	1
24	748	715.767	1886.170	1
25	748	711.860	1888.026	1
26	748	706.301	1892.433	1
27	748	701.560	1896.360	1
28	748	697.301	1899.887	1
29	748	692.565	1903.810	1
30	748	687.987	1908.037	1
31	748	683.414	1912.260	1
32	748	678.755	1916.379	1
4	749	650.941	1942.373	1
5	749	645.150	1948.031	1
6	749	639.385	1953.665	1
7	749	630.786	1962.716	1
8	749	625.683	1966.636	1
9	749	619.382	1972.637	1
10	749	611.905	1979.553	1
11	749	604.100	1986.053	1
6	750	698.547	1899.633	1
7	750	696.589	1901.812	1
8	750	694.629	1903.994	1
9	750	692.866	1905.956	1
10	750	690.642	1908.172	1
11	750	688.716	1910.276	1
12	750	687.185	1911.962	1
13	750	685.352	1913.758	1
14	750	683.318	1915.661	1
15	750	681.181	1917.465	1
16	750	678.598	1919.739	1
17	750	675.725	1922.530	1
18	750	672.800	1925.271	1
19	750	669.732	1928.399	1
20	750	666.968	1931.323	1
21	750	663.902	1934.566	1
22	750	660.639	1938.017	1
23	750	657.584	1941.667	1
24	750	654.425	1945.217	1
25	750	651.158	1948.673	1
26	750	647.413	1952.320	1
28	751	775.700	1837.971	1
29	751	771.686	1841.563	1
30	751	767.667	1845.159	1
31	751	763.560	1848.655	1
32	751	759.453	1852.151	1
33	751	754.794	1856.270	1
34	751	749.939	1860.554	1
35	751	745.724	1864.276	1
36	751	741.612	1867.731	1
37	751	737.909	1870.842	1
38	751	734.054	1873.983	1
39	751	730.665	1877.251	1
40	751	727.231	1880.468	1
17	752	764.734	1843.849	1
18	752	760.825	1847.311	1
19	752	756.912	1850.778	1
20	752	753.388	1853.900	1
21	752	749.434	1857.307	1
22	752	745.480	1860.714	1
23	752	741.526	1864.121	1
24	752	737.491	1867.428	1
25	752	732.999	1871.106	1
26	752	728.065	1875.145	1
27	752	723.573	1878.823	1
28	752	719.538	1882.126	1
29	752	715.349	1885.557	1
30	752	711.046	1889.082	1
31	752	706.747	1892.603	1
35	754	848.293	1760.604	1
36	754	842.442	1766.609	1
37	754	837.567	1772.241	1
38	754	832.153	1778.495	1
39	754	826.913	1784.832	1
40	754	821.675	1791.169	1
0	757	597.596	2006.820	1
1	757	598.281	2009.672	1
2	757	599.495	2012.669	1
3	757	601.185	2015.874	1
4	757	603.028	2018.997	1
5	757	604.996	2021.975	1
36	758	810.317	1804.013	1
37	758	808.635	1805.044	1
38	758	806.766	1806.188	1
39	758	804.898	1807.332	1
40	758	801.051	1809.215	1
6	759	687.908	1903.873	1
7	759	682.463	1909.232	1
8	759	677.397	1914.770	1
9	759	675.117	1919.352	1
10	759	672.326	1924.960	1
11	759	670.316	1928.272	1
12	759	668.017	1930.320	1
13	759	665.195	1933.429	1
14	759	662.606	1936.482	1
15	759	659.878	1939.405	1
16	759	657.046	1942.441	1
17	759	654.130	1945.399	1
18	759	650.832	1948.914	1
19	759	647.701	1952.135	1
20	759	645.010	1954.896	1
21	759	642.025	1957.958	1
22	759	639.040	1961.021	1
23	759	635.908	1963.947	1
24	759	632.776	1966.874	1
25	759	629.640	1969.804	1
26	759	627.014	1972.231	1
27	759	624.821	1974.622	1
28	759	623.047	1976.951	1
19	760	696.887	1904.284	1
20	760	694.491	1906.431	1
21	760	691.616	1909.002	1
22	760	688.418	1911.705	1
23	760	685.038	1914.548	1
24	760	681.282	1917.735	1
25	760	677.523	1920.927	1
26	760	673.393	1924.432	1
27	760	669.266	1928.943	1
28	760	666.828	1932.174	1
29	760	663.966	1935.345	1
30	760	661.100	1938.520	1
31	760	658.308	1941.896	1
32	760	655.517	1945.272	1
33	760	652.642	1948.540	1
0	762	627.024	1978.539	1
1	762	631.959	1973.814	1
2	762	637.157	1969.019	1
3	762	641.584	1964.628	1
4	762	646.742	1960.314	1
5	762	651.903	1955.361	1
6	762	657.249	1950.362	1
7	762	662.672	1945.294	1
8	762	668.102	1940.220	1
9	762	673.394	1935.864	1
10	762	681.014	1928.422	1
11	762	687.440	1922.574	1
12	762	693.576	1916.546	1
13	762	699.338	1911.202	1
14	762	705.464	1906.021	1
15	762	711.405	1900.670	1
16	762	717.733	1894.991	1
17	762	724.423	1889.386	1
18	762	731.018	1883.695	1
19	762	737.804	1878.080	1
20	762	743.957	1872.977	1
21	762	750.975	1867.666	1
22	762	757.854	1862.227	1
23	762	764.989	1856.510	1
24	762	772.124	1850.792	1
25	762	779.488	1845.014	1
26	762	787.892	1839.498	1
27	762	795.257	1833.934	1
28	762	801.874	1828.936	1
29	762	808.440	1822.562	1
30	762	815.012	1816.182	1
31	762	821.578	1809.809	1
32	762	828.143	1803.435	1
33	762	834.465	1796.838	1
34	762	841.424	1789.577	1
35	762	847.754	1782.973	1
36	762	854.076	1776.376	1
37	762	859.769	1770.435	1
38	762	866.092	1763.838	1
39	762	871.904	1756.771	1
40	762	878.227	1750.174	1
13	764	729.808	1868.764	1
14	764	727.085	1869.261	1
15	764	723.976	1869.814	1
16	764	721.166	1870.797	1
17	764	718.357	1871.780	1
18	764	716.434	1874.034	1
19	764	714.509	1876.291	1
20	764	713.010	1877.008	1
21	764	711.347	1877.804	1
22	764	710.249	1878.766	1
23	764	709.035	1879.563	1
24	764	708.765	1879.810	1
25	764	708.495	1880.057	1
26	764	708.608	1880.043	1
27	764	708.651	1879.944	1
28	764	708.689	1879.855	1
29	764	708.689	1879.855	1
30	764	708.689	1879.855	1
31	764	708.689	1879.855	1
32	764	708.689	1879.855	1
33	764	708.689	1879.855	1
34	764	708.689	1879.855	1
35	764	708.689	1879.855	1
36	764	708.689	1879.855	1
37	764	708.689	1879.855	1
38	764	708.689	1879.855	1
39	764	708.689	1879.855	1
40	764	708.689	1879.855	1
27	765	748.837	1854.075	1
28	765	744.753	1857.211	1
29	765	740.212	1860.699	1
30	765	735.665	1864.190	1
31	765	730.971	1867.806	1
32	765	726.711	1871.412	1
33	765	722.322	1875.127	1
34	765	717.491	1879.216	1
35	765	713.097	1882.936	1
36	765	708.927	1886.911	1
37	765	705.172	1890.491	1
0	766	616.317	1996.552	1
1	766	619.409	1993.731	1
2	766	622.687	1990.909	1
3	766	626.153	1987.565	1
4	766	629.816	1984.306	1
5	766	633.701	1980.855	1
6	766	637.569	1977.419	1
7	766	641.523	1973.514	1
8	766	645.858	1969.770	1
9	766	649.648	1966.123	1
10	766	654.574	1961.638	1
11	766	659.049	1957.563	1
12	766	663.378	1953.242	1
13	766	667.844	1949.165	1
14	766	672.519	1944.893	1
15	766	677.193	1940.622	1
16	766	682.053	1936.174	1
17	766	686.914	1931.725	1
18	766	691.774	1927.278	1
19	766	696.640	1922.824	1
20	766	701.022	1918.814	1
21	766	706.067	1914.311	1
22	766	711.111	1909.809	1
23	766	716.156	1905.306	1
24	766	721.200	1900.803	1
25	766	726.563	1896.272	1
26	766	732.453	1891.296	1
27	766	737.816	1886.765	1
28	766	742.795	1882.647	1
29	766	748.333	1878.067	1
30	766	753.876	1873.483	1
31	766	759.567	1868.872	1
32	766	765.258	1864.262	1
33	766	770.949	1859.652	1
34	766	777.226	1854.323	1
35	766	782.935	1849.475	1
36	766	788.637	1844.634	1
37	766	793.750	1840.139	1
38	766	799.428	1835.148	1
39	766	805.105	1830.156	1
40	766	810.562	1824.900	1
32	767	767.119	1841.787	1
33	767	762.178	1845.795	1
34	767	756.740	1850.207	1
35	767	751.765	1854.409	1
36	767	746.906	1858.512	1
37	767	742.530	1862.206	1
38	767	737.670	1866.309	1
39	767	732.811	1870.412	1
40	767	727.952	1874.514	1
7	768	665.650	1926.822	1
8	768	660.209	1931.827	1
9	768	656.072	1935.415	1
10	768	650.442	1940.473	1
11	768	644.818	1945.811	1
12	768	639.243	1950.921	1
13	768	633.900	1955.714	1
14	768	628.092	1961.142	1
15	768	622.888	1965.814	1
16	768	617.683	1970.487	1
17	768	612.478	1975.160	1
18	768	607.591	1980.668	1
19	768	602.698	1986.183	1
20	768	597.838	1990.687	1
21	768	592.449	1995.681	1
22	769	688.332	1906.355	1
23	769	683.265	1910.693	1
24	769	678.282	1915.127	1
25	769	673.294	1919.567	1
26	769	667.817	1924.352	1
27	769	663.358	1929.275	1
28	769	659.089	1933.414	1
29	769	654.342	1938.016	1
0	771	600.814	2015.954	1
1	771	602.626	2019.180	1
2	771	604.502	2022.374	1
3	771	606.374	2025.561	1
4	771	608.249	2028.754	1
5	771	610.125	2031.948	1
4	772	665.099	1933.679	1
5	772	662.685	1936.061	1
6	772	660.283	1938.433	1
7	772	657.878	1940.807	1
8	772	655.344	1943.280	1
9	772	653.065	1945.504	1
10	772	650.087	1948.583	1
11	772	647.381	1951.380	1
12	772	644.338	1954.338	1
13	772	641.672	1957.103	1
14	772	639.007	1959.869	1
15	772	636.232	1962.746	1
16	772	633.456	1965.622	1
17	772	630.681	1968.499	1
18	772	627.906	1971.376	1
19	772	625.127	1974.256	1
20	772	622.490	1976.716	1
21	772	619.564	1979.444	1
22	772	616.639	1982.172	1
23	772	613.713	1984.901	1
24	772	610.740	1987.582	1
25	772	607.764	1990.266	1
19	773	749.260	1860.861	1
20	773	746.198	1863.704	1
21	773	742.907	1866.941	1
22	773	739.009	1870.164	1
23	773	735.168	1873.510	1
24	773	731.431	1876.938	1
25	773	727.566	1880.246	1
26	773	723.103	1883.720	1
27	773	719.159	1886.864	1
28	773	715.793	1889.541	1
29	773	711.946	1892.604	1
30	773	708.095	1895.671	1
31	773	704.365	1898.874	1
32	773	700.635	1902.078	1
33	773	696.905	1905.281	1
34	773	692.955	1908.994	1
35	773	689.659	1911.527	1
36	775	850.397	1763.295	1
37	775	846.767	1767.134	1
38	775	842.735	1771.397	1
39	775	838.704	1775.660	1
40	775	834.671	1779.828	1
7	777	677.316	1916.492	1
8	777	673.387	1920.297	1
9	777	669.654	1923.507	1
10	777	665.085	1927.436	1
11	777	660.102	1931.791	1
12	777	655.118	1936.146	1
13	777	650.268	1940.643	1
14	777	645.040	1945.495	1
15	777	639.672	1950.481	1
16	777	634.027	1955.728	1
21	778	706.599	1891.494	1
22	778	701.040	1896.105	1
23	778	695.480	1900.716	1
24	778	690.262	1905.208	1
25	778	685.038	1909.706	1
26	778	679.175	1914.399	1
27	778	673.837	1918.672	1
0	780	630.447	2057.852	1
1	780	633.592	2062.725	1
2	781	646.788	1952.516	1
3	781	645.011	1954.571	1
4	781	643.680	1956.210	1
5	781	641.616	1956.941	1
6	781	639.073	1959.245	1
7	781	636.103	1961.993	1
8	781	633.252	1964.517	1
9	781	630.946	1966.681	1
10	781	627.904	1969.558	1
11	781	624.859	1972.440	1
12	781	621.720	1975.319	1
13	781	618.510	1978.149	1
14	781	615.345	1981.009	1
15	781	612.312	1983.918	1
16	781	610.024	1986.641	1
17	781	607.804	1989.437	1
16	782	714.802	1887.764	1
17	782	712.317	1890.733	1
18	782	709.832	1893.702	1
19	782	708.165	1895.332	1
20	782	706.545	1896.663	1
21	782	704.748	1898.140	1
22	782	702.204	1900.177	1
23	782	699.545	1902.488	1
24	782	696.554	1904.823	1
25	782	693.529	1907.451	1
26	782	689.738	1910.568	1
27	782	686.373	1913.506	1
28	782	683.388	1916.290	1
29	782	680.286	1919.637	1
35	784	777.134	1836.618	1
36	784	772.997	1840.395	1
37	784	769.273	1843.796	1
38	784	765.325	1847.495	1
39	784	761.377	1851.195	1
40	784	757.345	1854.796	1
0	785	628.646	1969.042	1
1	785	625.206	1972.364	1
2	785	621.754	1975.595	1
3	785	618.309	1978.820	1
4	785	614.856	1982.051	1
5	785	611.742	1984.859	1
6	785	608.641	1987.655	1
7	785	605.536	1990.454	1
8	785	602.928	1992.942	1
9	785	600.976	1995.070	1
10	785	598.984	1997.988	1
11	785	597.727	1999.857	1
12	785	596.666	2002.167	1
13	785	595.869	2004.378	1
8	786	666.820	1919.601	1
9	786	662.201	1921.795	1
10	786	658.555	1926.566	1
11	786	655.242	1930.900	1
12	786	651.237	1934.454	1
13	786	647.491	1938.111	1
14	786	643.677	1942.011	1
15	786	632.454	1947.855	1
22	787	754.058	1859.550	1
23	787	749.143	1863.832	1
24	787	744.046	1867.830	1
25	787	738.943	1871.833	1
26	787	735.547	1874.090	1
27	787	732.456	1876.144	1
28	787	729.678	1877.990	1
29	787	725.410	1881.257	1
30	787	721.580	1884.338	1
31	787	717.922	1887.621	1
32	787	714.263	1890.904	1
33	787	710.605	1894.187	1
34	787	706.495	1897.697	1
35	787	702.827	1900.662	1
36	787	699.080	1903.521	1
37	787	695.622	1905.993	1
38	787	691.866	1908.841	1
5	790	656.851	1930.557	1
6	790	653.006	1933.982	1
7	790	649.158	1937.410	1
8	790	645.305	1940.843	1
9	790	641.839	1944.012	1
10	790	637.199	1948.281	1
11	790	632.983	1952.159	1
12	790	628.677	1956.211	1
13	790	624.651	1959.991	1
14	790	620.439	1963.861	1
15	790	616.522	1967.602	1
16	790	612.605	1971.344	1
17	790	608.315	1975.450	1
18	790	604.026	1979.555	1
19	791	725.130	1877.628	3
20	791	721.058	1881.379	3
21	791	716.542	1885.541	3
22	791	711.152	1889.217	3
23	791	706.248	1893.269	3
24	791	701.364	1897.342	3
25	791	696.084	1901.797	3
26	791	690.390	1906.709	3
27	791	685.123	1911.262	3
28	791	680.484	1915.262	3
29	791	675.335	1919.823	3
30	791	670.180	1924.389	3
36	793	773.832	1834.826	1
37	793	769.236	1839.063	1
38	793	764.133	1843.769	1
39	793	759.699	1848.575	1
40	793	753.784	1853.194	1
